Time: 0.0 to 172792.0
Amount: 0.0 to 25691.16
V4: -5.68317119816995 to 16.8753440335975
V10: -24.5882624372475 to 23.7451361206545
V12: -18.6837146333443 to 7.8483920756446
V14: -19.2143254902614 to 10.5267660517847
V17: -25.1627993693248 to 9.25352625047285
V18: -9.49874592104677 to 5.04106918541184
